,,,,,,,,,,,,,,,,,,,-1071607673,150
,,,,,,,,,,,,,,,,,,,-1071607673,150
,,,,,,,,,,,,,,,,,,,-1071607673,150
,,,,,,,,,,,,,,,,,,,-1071607673,150
,,,,,,,,,,,,,,,,,,,-1071607673,150
,,,,,,,,,,,,,,,,,,,-1071607673,150
,,,,,,,,,,,,,,,,,,,-1071607673,150
,,,,,,,,,,,,,,,,,,,-1071607673,150
,,,,,,,,,,,,,,,,,,,-1071607673,150
,,,,,,,,,,,,,,,,,,,-1071607673,150
,,,,,,,,,,,,,,,,,,,-1071607673,150
,,,,,,,,,,,,,,,,,,,-1071607673,150
,,,,,,,,,,,,,,,,,,,-1071607673,150
,,,,,,,,,,,,,,,,,,,-1071607673,150
,,,,,,,,,,,,,,,,,,,-1071607673,150
,,,,,,,,,,,,,,,,,,,-1071607673,150
,,,,,,,,,,,,,,,,,,,-1071607673,150
,,,,,,,,,,,,,,,,,,,-1071607673,150
,,,,,,,,,,,,,,,,,,,-1071607673,150
,,,,,,,,,,,,,,,,,,,-1071607673,150
,,,,,,,,,,,,,,,,,,,-1071607673,150
,,,,,,,,,,,,,,,,,,,-1071607673,150
,,,,,,,,,,,,,,,,,,,-1071607673,150
,,,,,,,,,,,,,,,,,,,-1071607673,150
,,,,,,,,,,,,,,,,,,,-1071607673,150
,,,,,,,,,,,,,,,,,,,-1071607673,150
,,,,,,,,,,,,,,,,,,,-1071607673,150
,,,,,,,,,,,,,,,,,,,-1071607673,150
,,,,,,,,,,,,,,,,,,,-1071607673,150
,,,,,,,,,,,,,,,,,,,-1071607673,150
,,,,,,,,,,,,,,,,,,,-1071607673,150
,,,,,,,,,,,,,,,,,,,-1071607673,150
,,,,,,,,,,,,,,,,,,,-1071607673,150
,,,,,,,,,,,,,,,,,,,-1071607673,150
,,,,,,,,,,,,,,,,,,,-1071607673,150
,,,,,,,,,,,,,,,,,,,-1071607673,150
,,,,,,,,,,,,,,,,,,,-1071607673,150
,,,,,,,,,,,,,,,,,,,-1071607673,150
,,,,,,,,,,,,,,,,,,,-1071607673,150
,,,,,,,,,,,,,,,,,,,-1071607673,150
,,,,,,,,,,,,,,,,,,,-1071607673,150
,,,,,,,,,,,,,,,,,,,-1071607673,150
